dataset: padufes
task: y
monitor: auc_macro_ovo
dev: True
load_no_label: False
embedding_size: 128
code_pretrained_embedding: True
code_layers: 2
code_heads: 2
bert_type: prajjwal1/bert-tiny
rnn_layers: 1
rnn_type: GRU
rnn_bidirectional: False
ffn_layers: 2
gnn_layers: 2
gnn_norm: None
dropout: 0.25
epochs: 1
eval_every: 10
batch_size: 8
lr: 0.0002
weight_decay: 0
monitor_criterion: max
seed: 42
checkpoint: None
no_train: False
note: mml_v19
exp_name_attr: ['dataset', 'task', 'note']
official_run: True
no_cuda: False
exp_name: 251020-081536-padufes-y-mml_v19
device: cuda
Model: MMLBackbone with 24,018,374 params
Number of parameters: 24018374
-------train: 0-------
metrics/train/loss: 4.735859248787165
Save checkpoint to: C:/Users/user/Desktop/楷备\MUSE\output/251020-081536-padufes-y-mml_v19\models\last.ckpt
-------val: 0-------
metrics/val/acc: 0.40329218106995884
metrics/val/auc_macro_ovo: 0.5105724637681159
metrics/val/auc_macro_ovr: 0.5219374496251405
metrics/val/auc_weighted_ovo: 0.5341548130255862
metrics/val/auc_weighted_ovr: 0.5493443255912439
metrics/val/bacc: 0.16462962962962963
metrics/val/f1_macro: 0.10367691380349608
metrics/val/f1_micro: 0.40329218106995884
metrics/val/f1_weighted: 0.2501581348276144
New best auc_macro_ovo score (0.5106)
Save checkpoint to: C:/Users/user/Desktop/楷备\MUSE\output/251020-081536-padufes-y-mml_v19\models\best.ckpt
Load checkpoint from: C:/Users/user/Desktop/楷备\MUSE\output/251020-081536-padufes-y-mml_v19\models\best.ckpt
-------final test-------
metrics/final_test/acc: 0.40356972111553774
metrics/final_test/acc_std: 0.030436365474480327
metrics/final_test/auc_macro_ovo: 0.5574448943307412
metrics/final_test/auc_macro_ovo_std: 0.034848808736972
metrics/final_test/auc_macro_ovr: 0.5604395147129638
metrics/final_test/auc_macro_ovr_std: 0.03326129649436447
metrics/final_test/auc_weighted_ovo: 0.5647547011504306
metrics/final_test/auc_weighted_ovo_std: 0.03230389243315922
metrics/final_test/auc_weighted_ovr: 0.557399323437286
metrics/final_test/auc_weighted_ovr_std: 0.018063363317800857
metrics/final_test/bacc: 0.16315871171268753
metrics/final_test/bacc_std: 0.0046306383256669165
metrics/final_test/f1_macro: 0.10297854623325191
metrics/final_test/f1_macro_std: 0.007967885082838602
metrics/final_test/f1_micro: 0.40356972111553774
metrics/final_test/f1_micro_std: 0.030436365474480327
metrics/final_test/f1_weighted: 0.25207035194641364
metrics/final_test/f1_weighted_std: 0.03154136407461273
Save predictions to: C:/Users/user/Desktop/楷备\MUSE\output/251020-081536-padufes-y-mml_v19\predictions.txt
